Coverage ErrorRate EditDis n Freq
100 0 0 1 56014
100 0 0 2 78648
100 0 0 3 72472
100 0 0 4 50060
100 0 0 5 27408
100 0 0 6 12859
100 0 0 7 5064
100 0 0 8 1818
100 0 0 9 540
100 0 0 10 176
100 0 0 11 24
100 0 0 12 13
100 0 2 1 669
100 0 2 2 2785
100 0 2 3 7391
100 0 2 4 15472
100 0 2 5 25955
100 0 2 6 36668
100 0 2 7 43316
100 0 2 8 44925
100 0 2 9 42530
100 0 2 10 34860
100 0 2 11 26226
100 0 2 12 18007
100 0 2 13 11543
100 0 2 14 7181
100 0 2 15 3859
100 0 2 16 2119
100 0 2 17 943
100 0 2 18 375
100 0 2 19 179
100 0 2 20 100
100 0 2 21 31
100 0 2 22 12
100 0 4 1 4
100 0 4 2 30
100 0 4 3 133
100 0 4 4 448
100 0 4 5 1320
100 0 4 6 2880
100 0 4 7 6165
100 0 4 8 10314
100 0 4 9 15859
100 0 4 10 22173
100 0 4 11 28138
100 0 4 12 32720
100 0 4 13 34196
100 0 4 14 35154
100 0 4 15 31808
100 0 4 16 27522
100 0 4 17 22602
100 0 4 18 17506
100 0 4 19 12894
100 0 4 20 8908
100 0 4 21 5958
100 0 4 22 3601
100 0 4 23 2276
100 0 4 24 1267
100 0 4 25 679
100 0 4 26 349
100 0 4 27 163
100 0 4 28 84
100 0 4 29 35
100 0 4 30 22
100 0 4 31 14
100 0 6 4 7
100 0 6 5 37
100 0 6 6 89
100 0 6 7 256
100 0 6 8 540
100 0 6 9 1224
100 0 6 10 2362
100 0 6 11 4377
100 0 6 12 7129
100 0 6 13 10716
100 0 6 14 14898
100 0 6 15 18929
100 0 6 16 22698
100 0 6 17 26469
100 0 6 18 29326
100 0 6 19 29635
100 0 6 20 29328
100 0 6 21 26399
100 0 6 22 23696
100 0 6 23 19818
100 0 6 24 15806
100 0 6 25 12555
100 0 6 26 9521
100 0 6 27 6769
100 0 6 28 4772
100 0 6 29 3177
100 0 6 30 1984
100 0 6 31 1131
100 0 6 32 779
100 0 6 33 379
100 0 6 34 220
100 0 6 35 114
100 0 6 36 27
100 0 6 37 30
100 0 6 38 12
100 0 6 39 7
100 0 6 41 6
100 0.1 0 1 57474
100 0.1 0 2 77610
100 0.1 0 3 69296
100 0.1 0 4 45550
100 0.1 0 5 24894
100 0.1 0 6 11207
100 0.1 0 7 4160
100 0.1 0 8 1323
100 0.1 0 9 470
100 0.1 0 10 110
100 0.1 0 11 24
100 0.1 2 1 2648
100 0.1 2 2 5394
100 0.1 2 3 10634
100 0.1 2 4 18025
100 0.1 2 5 28499
100 0.1 2 6 37730
100 0.1 2 7 43636
100 0.1 2 8 43909
100 0.1 2 9 39438
100 0.1 2 10 32676
100 0.1 2 11 23499
100 0.1 2 12 16075
100 0.1 2 13 9950
100 0.1 2 14 5951
100 0.1 2 15 3157
100 0.1 2 16 1719
100 0.1 2 17 983
100 0.1 2 18 341
100 0.1 2 19 122
100 0.1 2 20 24
100 0.1 2 21 12
100 0.1 2 22 8
100 0.1 2 25 6
100 0.1 4 1 19
100 0.1 4 2 137
100 0.1 4 3 385
100 0.1 4 4 972
100 0.1 4 5 2134
100 0.1 4 6 4196
100 0.1 4 7 7642
100 0.1 4 8 12126
100 0.1 4 9 17816
100 0.1 4 10 23973
100 0.1 4 11 29384
100 0.1 4 12 32785
100 0.1 4 13 35226
100 0.1 4 14 33457
100 0.1 4 15 30268
100 0.1 4 16 26093
100 0.1 4 17 21157
100 0.1 4 18 15848
100 0.1 4 19 11145
100 0.1 4 20 7821
100 0.1 4 21 5326
100 0.1 4 22 3108
100 0.1 4 23 1900
100 0.1 4 24 1032
100 0.1 4 25 617
100 0.1 4 26 336
100 0.1 4 27 165
100 0.1 4 28 47
100 0.1 4 29 36
100 0.1 4 30 37
100 0.1 4 31 26
100 0.1 4 32 6
100 0.1 6 2 1
100 0.1 6 3 1
100 0.1 6 4 24
100 0.1 6 5 69
100 0.1 6 6 161
100 0.1 6 7 451
100 0.1 6 8 905
100 0.1 6 9 1758
100 0.1 6 10 3209
100 0.1 6 11 5279
100 0.1 6 12 8216
100 0.1 6 13 12230
100 0.1 6 14 16245
100 0.1 6 15 20262
100 0.1 6 16 24433
100 0.1 6 17 27786
100 0.1 6 18 29348
100 0.1 6 19 28616
100 0.1 6 20 27694
100 0.1 6 21 25318
100 0.1 6 22 22269
100 0.1 6 23 18435
100 0.1 6 24 15110
100 0.1 6 25 11507
100 0.1 6 26 8701
100 0.1 6 27 5944
100 0.1 6 28 4129
100 0.1 6 29 2614
100 0.1 6 30 1819
100 0.1 6 31 1043
100 0.1 6 32 680
100 0.1 6 33 449
100 0.1 6 34 228
100 0.1 6 35 143
100 0.1 6 36 63
100 0.1 6 37 39
100 0.1 6 38 22
100 0.1 6 39 18
100 0.1 6 42 3
100 0.5 0 1 62602
100 0.5 0 2 71820
100 0.5 0 3 55504
100 0.5 0 4 32050
100 0.5 0 5 15114
100 0.5 0 6 5775
100 0.5 0 7 1992
100 0.5 0 8 513
100 0.5 0 9 110
100 0.5 0 10 44
100 0.5 2 1 10195
100 0.5 2 2 16603
100 0.5 2 3 21946
100 0.5 2 4 28418
100 0.5 2 5 35262
100 0.5 2 6 39496
100 0.5 2 7 41267
100 0.5 2 8 37679
100 0.5 2 9 31026
100 0.5 2 10 23102
100 0.5 2 11 15816
100 0.5 2 12 9503
100 0.5 2 13 5675
100 0.5 2 14 2998
100 0.5 2 15 1638
100 0.5 2 16 567
100 0.5 2 17 190
100 0.5 2 18 152
100 0.5 2 19 30
100 0.5 2 20 12
100 0.5 2 21 11
100 0.5 4 1 138
100 0.5 4 2 543
100 0.5 4 3 1423
100 0.5 4 4 3196
100 0.5 4 5 5566
100 0.5 4 6 9584
100 0.5 4 7 14069
100 0.5 4 8 19323
100 0.5 4 9 24293
100 0.5 4 10 29291
100 0.5 4 11 31800
100 0.5 4 12 33028
100 0.5 4 13 32083
100 0.5 4 14 28951
100 0.5 4 15 24795
100 0.5 4 16 20816
100 0.5 4 17 15470
100 0.5 4 18 10898
100 0.5 4 19 7764
100 0.5 4 20 5111
100 0.5 4 21 3136
100 0.5 4 22 1823
100 0.5 4 23 1075
100 0.5 4 24 523
100 0.5 4 25 293
100 0.5 4 26 123
100 0.5 4 27 57
100 0.5 4 28 14
100 0.5 4 29 13
100 0.5 4 33 3
100 0.5 6 1 1
100 0.5 6 2 9
100 0.5 6 3 23
100 0.5 6 4 88
100 0.5 6 5 248
100 0.5 6 6 561
100 0.5 6 7 1123
100 0.5 6 8 2209
100 0.5 6 9 3870
100 0.5 6 10 6317
100 0.5 6 11 9402
100 0.5 6 12 12976
100 0.5 6 13 16869
100 0.5 6 14 20921
100 0.5 6 15 24196
100 0.5 6 16 26654
100 0.5 6 17 28530
100 0.5 6 18 28155
100 0.5 6 19 26779
100 0.5 6 20 24351
100 0.5 6 21 21937
100 0.5 6 22 18284
100 0.5 6 23 14927
100 0.5 6 24 11350
100 0.5 6 25 8373
100 0.5 6 26 5697
100 0.5 6 27 4116
100 0.5 6 28 2825
100 0.5 6 29 1826
100 0.5 6 30 1143
100 0.5 6 31 658
100 0.5 6 32 398
100 0.5 6 33 235
100 0.5 6 34 83
100 0.5 6 35 53
100 0.5 6 36 22
100 0.5 6 37 1
100 0.5 6 38 7
100 0.5 6 39 5
100 1 0 1 63930
100 1 0 2 61497
100 1 0 3 39356
100 1 0 4 18915
100 1 0 5 7488
100 1 0 6 2408
100 1 0 7 720
100 1 0 8 153
100 1 0 9 30
100 1 2 1 20113
100 1 2 2 29495
100 1 2 3 34101
100 1 2 4 36610
100 1 2 5 39262
100 1 2 6 38470
100 1 2 7 35049
100 1 2 8 28947
100 1 2 9 21601
100 1 2 10 14290
100 1 2 11 8472
100 1 2 12 4707
100 1 2 13 2495
100 1 2 14 1288
100 1 2 15 532
100 1 2 16 298
100 1 2 17 93
100 1 2 18 68
100 1 2 19 16
100 1 4 1 601
100 1 4 2 1474
100 1 4 3 3360
100 1 4 4 6588
100 1 4 5 10999
100 1 4 6 16061
100 1 4 7 21289
100 1 4 8 26273
100 1 4 9 30061
100 1 4 10 31740
100 1 4 11 32429
100 1 4 12 31451
100 1 4 13 27974
100 1 4 14 23880
100 1 4 15 19076
100 1 4 16 13811
100 1 4 17 9793
100 1 4 18 7139
100 1 4 19 4590
100 1 4 20 2781
100 1 4 21 1671
100 1 4 22 958
100 1 4 23 538
100 1 4 24 276
100 1 4 25 173
100 1 4 26 55
100 1 4 27 28
100 1 4 28 5
100 1 4 29 6
100 1 6 1 9
100 1 6 2 22
100 1 6 3 85
100 1 6 4 232
100 1 6 5 541
100 1 6 6 1280
100 1 6 7 2471
100 1 6 8 4351
100 1 6 9 7028
100 1 6 10 10385
100 1 6 11 13905
100 1 6 12 17625
100 1 6 13 21757
100 1 6 14 24915
100 1 6 15 27364
100 1 6 16 27909
100 1 6 17 28581
100 1 6 18 26537
100 1 6 19 23944
100 1 6 20 20847
100 1 6 21 17578
100 1 6 22 13352
100 1 6 23 10491
100 1 6 24 7706
100 1 6 25 5734
100 1 6 26 3769
100 1 6 27 2480
100 1 6 28 1737
100 1 6 29 1095
100 1 6 30 610
100 1 6 31 420
100 1 6 32 229
100 1 6 33 120
100 1 6 34 60
100 1 6 35 35
100 1 6 36 17
100 2 0 1 56186
100 2 0 2 37317
100 2 0 3 16408
100 2 0 4 5780
100 2 0 5 1500
100 2 0 6 315
100 2 0 7 64
100 2 0 8 9
100 2 0 9 10
100 2 2 1 42089
100 2 2 2 49114
100 2 2 3 46931
100 2 2 4 40735
100 2 2 5 35857
100 2 2 6 27927
100 2 2 7 20375
100 2 2 8 13965
100 2 2 9 8438
100 2 2 10 4238
100 2 2 11 2172
100 2 2 12 1094
100 2 2 13 414
100 2 2 14 171
100 2 2 15 66
100 2 2 16 20
100 2 2 17 10
100 2 2 18 5
100 2 2 21 8
100 2 4 1 3437
100 2 4 2 6514
100 2 4 3 10749
100 2 4 4 15921
100 2 4 5 22543
100 2 4 6 27846
100 2 4 7 31270
100 2 4 8 33252
100 2 4 9 33282
100 2 4 10 31138
100 2 4 11 27194
100 2 4 12 22728
100 2 4 13 18316
100 2 4 14 13792
100 2 4 15 9555
100 2 4 16 6342
100 2 4 17 4197
100 2 4 18 2514
100 2 4 19 1538
100 2 4 20 828
100 2 4 21 409
100 2 4 22 216
100 2 4 23 129
100 2 4 24 68
100 2 4 25 15
100 2 4 26 10
100 2 4 27 14
100 2 6 1 90
100 2 6 2 256
100 2 6 3 614
100 2 6 4 1306
100 2 6 5 2465
100 2 6 6 4223
100 2 6 7 6750
100 2 6 8 10084
100 2 6 9 13915
100 2 6 10 18084
100 2 6 11 22096
100 2 6 12 25177
100 2 6 13 27668
100 2 6 14 28684
100 2 6 15 28176
100 2 6 16 26902
100 2 6 17 23992
100 2 6 18 20515
100 2 6 19 17183
100 2 6 20 13614
100 2 6 21 10288
100 2 6 22 7756
100 2 6 23 5447
100 2 6 24 3707
100 2 6 25 2392
100 2 6 26 1497
100 2 6 27 953
100 2 6 28 617
100 2 6 29 345
100 2 6 30 181
100 2 6 31 103
100 2 6 32 70
100 2 6 33 30
100 2 6 34 7
100 2 6 35 5
100 2 6 36 7
100 4 0 1 26556
100 4 0 2 8187
100 4 0 3 1788
100 4 0 4 270
100 4 0 5 54
100 4 2 1 70854
100 4 2 2 52977
100 4 2 3 35316
100 4 2 4 22436
100 4 2 5 13555
100 4 2 6 7381
100 4 2 7 3732
100 4 2 8 1707
100 4 2 9 738
100 4 2 10 217
100 4 2 11 75
100 4 2 12 20
100 4 2 13 14
100 4 2 14 8
100 4 4 1 22535
100 4 4 2 28088
100 4 4 3 32316
100 4 4 4 35445
100 4 4 5 36195
100 4 4 6 33422
100 4 4 7 29922
100 4 4 8 25276
100 4 4 9 20045
100 4 4 10 15196
100 4 4 11 10710
100 4 4 12 7480
100 4 4 13 4843
100 4 4 14 3061
100 4 4 15 1661
100 4 4 16 861
100 4 4 17 476
100 4 4 18 235
100 4 4 19 96
100 4 4 20 58
100 4 4 21 28
100 4 4 22 5
100 4 4 23 1
100 4 6 1 2109
100 4 6 2 3837
100 4 6 3 6203
100 4 6 4 9188
100 4 6 5 12720
100 4 6 6 16609
100 4 6 7 20257
100 4 6 8 24098
100 4 6 9 27031
100 4 6 10 28136
100 4 6 11 28255
100 4 6 12 27191
100 4 6 13 25233
100 4 6 14 21634
100 4 6 15 18700
100 4 6 16 14884
100 4 6 17 11856
100 4 6 18 8573
100 4 6 19 6283
100 4 6 20 4209
100 4 6 21 2759
100 4 6 22 1831
100 4 6 23 1120
100 4 6 24 679
100 4 6 25 382
100 4 6 26 204
100 4 6 27 96
100 4 6 28 51
100 4 6 29 27
100 4 6 30 14
100 4 6 31 7
100 4 6 32 4
10 0 0 1 6868
10 0 0 2 954
10 0 0 3 88
10 0 2 1 11807
10 0 2 2 4873
10 0 2 3 1378
10 0 2 4 296
10 0 2 5 61
10 0 2 6 5
10 0 4 1 11350
10 0 4 2 7900
10 0 4 3 3544
10 0 4 4 1230
10 0 4 5 369
10 0 4 6 81
10 0 4 7 27
10 0 4 8 3
10 0 6 1 9015
10 0 6 2 8979
10 0 6 3 5633
10 0 6 4 2743
10 0 6 5 1114
10 0 6 6 301
10 0 6 7 99
10 0 6 8 28
10 0 6 9 7
10 0 6 10 5
10 0.1 0 1 6572
10 0.1 0 2 837
10 0.1 0 3 56
10 0.1 2 1 11840
10 0.1 2 2 4674
10 0.1 2 3 1191
10 0.1 2 4 254
10 0.1 2 5 17
10 0.1 2 6 1
10 0.1 4 1 11371
10 0.1 4 2 7848
10 0.1 4 3 3476
10 0.1 4 4 1172
10 0.1 4 5 257
10 0.1 4 6 64
10 0.1 4 7 14
10 0.1 6 1 9214
10 0.1 6 2 8832
10 0.1 6 3 5648
10 0.1 6 4 2685
10 0.1 6 5 1017
10 0.1 6 6 252
10 0.1 6 7 87
10 0.1 6 8 17
10 0.1 6 9 6
10 0.5 0 1 4974
10 0.5 0 2 600
10 0.5 0 3 36
10 0.5 2 1 10743
10 0.5 2 2 3709
10 0.5 2 3 938
10 0.5 2 4 144
10 0.5 2 5 41
10 0.5 4 1 11617
10 0.5 4 2 7087
10 0.5 4 3 2888
10 0.5 4 4 1001
10 0.5 4 5 220
10 0.5 4 6 69
10 0.5 4 7 21
10 0.5 4 8 1
10 0.5 6 1 9516
10 0.5 6 2 8871
10 0.5 6 3 5051
10 0.5 6 4 2421
10 0.5 6 5 806
10 0.5 6 6 265
10 0.5 6 7 98
10 0.5 6 8 18
10 0.5 6 9 3
10 1 0 1 3524
10 1 0 2 348
10 1 0 3 4
10 1 2 1 9784
10 1 2 2 2771
10 1 2 3 579
10 1 2 4 95
10 1 2 5 5
10 1 4 1 11613
10 1 4 2 6517
10 1 4 3 2442
10 1 4 4 687
10 1 4 5 159
10 1 4 6 29
10 1 6 1 10000
10 1 6 2 8495
10 1 6 3 4902
10 1 6 4 1925
10 1 6 5 652
10 1 6 6 171
10 1 6 7 32
10 1 6 8 2
10 2 0 1 1814
10 2 0 2 111
10 2 2 1 7684
10 2 2 2 1670
10 2 2 3 266
10 2 2 4 27
10 2 2 6 1
10 2 4 1 11411
10 2 4 2 5186
10 2 4 3 1675
10 2 4 4 439
10 2 4 5 75
10 2 4 6 10
10 2 4 7 1
10 2 6 1 11139
10 2 6 2 7761
10 2 6 3 3921
10 2 6 4 1458
10 2 6 5 470
10 2 6 6 92
10 2 6 7 16
10 2 6 8 2
10 4 0 1 440
10 4 0 2 24
10 4 2 1 4148
10 4 2 2 534
10 4 2 3 84
10 4 2 4 4
10 4 4 1 9498
10 4 4 2 2967
10 4 4 3 775
10 4 4 4 123
10 4 4 5 19
10 4 6 1 11184
10 4 6 2 6289
10 4 6 3 2594
10 4 6 4 777
10 4 6 5 219
10 4 6 6 19
10 4 6 7 3
10 4 6 8 2
150 0 0 1 31552
150 0 0 2 65070
150 0 0 3 91160
150 0 0 4 95205
150 0 0 5 79926
150 0 0 6 54880
150 0 0 7 32784
150 0 0 8 17271
150 0 0 9 7520
150 0 0 10 3091
150 0 0 11 1104
150 0 0 12 468
150 0 0 13 210
150 0 0 14 45
150 0 0 15 16
150 0 2 1 24
150 0 2 2 132
150 0 2 3 579
150 0 2 4 1862
150 0 2 5 4578
150 0 2 6 9749
150 0 2 7 17308
150 0 2 8 26762
150 0 2 9 37289
150 0 2 10 46719
150 0 2 11 53553
150 0 2 12 55487
150 0 2 13 52036
150 0 2 14 46300
150 0 2 15 40186
150 0 2 16 31273
150 0 2 17 22519
150 0 2 18 16019
150 0 2 19 10288
150 0 2 20 6663
150 0 2 21 3791
150 0 2 22 2112
150 0 2 23 1255
150 0 2 24 590
150 0 2 25 437
150 0 2 26 117
150 0 2 27 110
150 0 2 28 55
150 0 2 29 21
150 0 2 30 18
150 0 4 3 1
150 0 4 4 2
150 0 4 5 11
150 0 4 6 36
150 0 4 7 150
150 0 4 8 369
150 0 4 9 854
150 0 4 10 1906
150 0 4 11 3685
150 0 4 12 5953
150 0 4 13 9688
150 0 4 14 14516
150 0 4 15 19819
150 0 4 16 26785
150 0 4 17 31899
150 0 4 18 38313
150 0 4 19 40532
150 0 4 20 42708
150 0 4 21 41120
150 0 4 22 40444
150 0 4 23 36008
150 0 4 24 31538
150 0 4 25 25914
150 0 4 26 21514
150 0 4 27 16134
150 0 4 28 12160
150 0 4 29 8520
150 0 4 30 5883
150 0 4 31 4254
150 0 4 32 2919
150 0 4 33 1614
150 0 4 34 1002
150 0 4 35 698
150 0 4 36 391
150 0 4 37 174
150 0 4 38 133
150 0 4 39 75
150 0 4 40 47
150 0 4 41 25
150 0 4 42 11
150 0 4 44 11
150 0 4 45 17
150 0 6 9 2
150 0 6 10 8
150 0 6 11 36
150 0 6 12 109
150 0 6 13 193
150 0 6 14 334
150 0 6 15 715
150 0 6 16 1317
150 0 6 17 2427
150 0 6 18 3524
150 0 6 19 5795
150 0 6 20 8853
150 0 6 21 11732
150 0 6 22 15824
150 0 6 23 20368
150 0 6 24 24316
150 0 6 25 28608
150 0 6 26 31451
150 0 6 27 34654
150 0 6 28 36051
150 0 6 29 36504
150 0 6 30 35127
150 0 6 31 31864
150 0 6 32 29815
150 0 6 33 26311
150 0 6 34 22988
150 0 6 35 18802
150 0 6 36 15060
150 0 6 37 12094
150 0 6 38 9592
150 0 6 39 6920
150 0 6 40 5129
150 0 6 41 3707
150 0 6 42 2404
150 0 6 43 1849
150 0 6 44 1145
150 0 6 45 666
150 0 6 46 593
150 0 6 47 434
150 0 6 48 229
150 0 6 49 106
150 0 6 50 55
150 0 6 51 51
150 0 6 52 21
150 0 6 53 9
150 0 6 55 41
150 0.1 0 1 34318
150 0.1 0 2 68271
150 0.1 0 3 91508
150 0.1 0 4 91805
150 0.1 0 5 74382
150 0.1 0 6 49875
150 0.1 0 7 28184
150 0.1 0 8 14310
150 0.1 0 9 5540
150 0.1 0 10 2640
150 0.1 0 11 1008
150 0.1 0 12 390
150 0.1 0 13 98
150 0.1 0 14 15
150 0.1 2 1 1034
150 0.1 2 2 2312
150 0.1 2 3 3659
150 0.1 2 4 5195
150 0.1 2 5 8054
150 0.1 2 6 12690
150 0.1 2 7 19713
150 0.1 2 8 29257
150 0.1 2 9 39843
150 0.1 2 10 47343
150 0.1 2 11 53694
150 0.1 2 12 53696
150 0.1 2 13 50023
150 0.1 2 14 45101
150 0.1 2 15 35748
150 0.1 2 16 27328
150 0.1 2 17 19512
150 0.1 2 18 13403
150 0.1 2 19 8296
150 0.1 2 20 5025
150 0.1 2 21 3147
150 0.1 2 22 1636
150 0.1 2 23 1053
150 0.1 2 24 409
150 0.1 2 25 262
150 0.1 2 26 85
150 0.1 2 27 69
150 0.1 2 29 9
150 0.1 4 2 2
150 0.1 4 3 18
150 0.1 4 4 46
150 0.1 4 5 137
150 0.1 4 6 306
150 0.1 4 7 722
150 0.1 4 8 1259
150 0.1 4 9 2102
150 0.1 4 10 3477
150 0.1 4 11 5304
150 0.1 4 12 8268
150 0.1 4 13 11974
150 0.1 4 14 16947
150 0.1 4 15 22556
150 0.1 4 16 28088
150 0.1 4 17 33999
150 0.1 4 18 37548
150 0.1 4 19 41545
150 0.1 4 20 42162
150 0.1 4 21 40731
150 0.1 4 22 38330
150 0.1 4 23 34238
150 0.1 4 24 29357
150 0.1 4 25 24213
150 0.1 4 26 19162
150 0.1 4 27 14313
150 0.1 4 28 10241
150 0.1 4 29 7282
150 0.1 4 30 4918
150 0.1 4 31 3350
150 0.1 4 32 2156
150 0.1 4 33 1314
150 0.1 4 34 798
150 0.1 4 35 336
150 0.1 4 36 270
150 0.1 4 37 166
150 0.1 4 38 112
150 0.1 4 39 47
150 0.1 4 40 24
150 0.1 4 41 15
150 0.1 6 6 2
150 0.1 6 7 2
150 0.1 6 8 8
150 0.1 6 9 27
150 0.1 6 10 65
150 0.1 6 11 140
150 0.1 6 12 246
150 0.1 6 13 451
150 0.1 6 14 850
150 0.1 6 15 1405
150 0.1 6 16 2166
150 0.1 6 17 3512
150 0.1 6 18 5025
150 0.1 6 19 7282
150 0.1 6 20 9652
150 0.1 6 21 13549
150 0.1 6 22 17334
150 0.1 6 23 21559
150 0.1 6 24 26160
150 0.1 6 25 29561
150 0.1 6 26 32618
150 0.1 6 27 35013
150 0.1 6 28 35918
150 0.1 6 29 35664
150 0.1 6 30 33904
150 0.1 6 31 31481
150 0.1 6 32 28761
150 0.1 6 33 24890
150 0.1 6 34 21329
150 0.1 6 35 17352
150 0.1 6 36 13919
150 0.1 6 37 10787
150 0.1 6 38 8400
150 0.1 6 39 6136
150 0.1 6 40 4128
150 0.1 6 41 2854
150 0.1 6 42 1996
150 0.1 6 43 1259
150 0.1 6 44 1002
150 0.1 6 45 535
150 0.1 6 46 311
150 0.1 6 47 229
150 0.1 6 48 152
150 0.1 6 49 61
150 0.1 6 50 100
150 0.1 6 51 13
150 0.1 6 52 21
150 0.1 6 53 4
150 0.5 0 1 43964
150 0.5 0 2 76434
150 0.5 0 3 88360
150 0.5 0 4 75880
150 0.5 0 5 53130
150 0.5 0 6 31297
150 0.5 0 7 15696
150 0.5 0 8 6867
150 0.5 0 9 2590
150 0.5 0 10 968
150 0.5 0 11 312
150 0.5 0 12 91
150 0.5 0 13 28
150 0.5 2 1 5282
150 0.5 2 2 10787
150 0.5 2 3 15628
150 0.5 2 4 18500
150 0.5 2 5 20566
150 0.5 2 6 24251
150 0.5 2 7 30285
150 0.5 2 8 37248
150 0.5 2 9 44241
150 0.5 2 10 47696
150 0.5 2 11 48835
150 0.5 2 12 45588
150 0.5 2 13 39627
150 0.5 2 14 31709
150 0.5 2 15 22999
150 0.5 2 16 16165
150 0.5 2 17 11100
150 0.5 2 18 7100
150 0.5 2 19 4130
150 0.5 2 20 2080
150 0.5 2 21 1138
150 0.5 2 22 717
150 0.5 2 23 295
150 0.5 2 24 144
150 0.5 2 25 70
150 0.5 2 26 6
150 0.5 4 1 30
150 0.5 4 2 68
150 0.5 4 3 160
150 0.5 4 4 356
150 0.5 4 5 867
150 0.5 4 6 1680
150 0.5 4 7 2995
150 0.5 4 8 4872
150 0.5 4 9 7273
150 0.5 4 10 10219
150 0.5 4 11 13322
150 0.5 4 12 16926
150 0.5 4 13 20782
150 0.5 4 14 25468
150 0.5 4 15 29496
150 0.5 4 16 33627
150 0.5 4 17 36284
150 0.5 4 18 37999
150 0.5 4 19 38540
150 0.5 4 20 37138
150 0.5 4 21 34532
150 0.5 4 22 31011
150 0.5 4 23 26253
150 0.5 4 24 21196
150 0.5 4 25 16890
150 0.5 4 26 12587
150 0.5 4 27 9355
150 0.5 4 28 6195
150 0.5 4 29 4626
150 0.5 4 30 2717
150 0.5 4 31 1784
150 0.5 4 32 1102
150 0.5 4 33 718
150 0.5 4 34 374
150 0.5 4 35 198
150 0.5 4 36 93
150 0.5 4 37 64
150 0.5 4 38 15
150 0.5 4 39 4
150 0.5 4 40 7
150 0.5 4 41 7
150 0.5 6 4 4
150 0.5 6 5 5
150 0.5 6 6 14
150 0.5 6 7 27
150 0.5 6 8 76
150 0.5 6 9 186
150 0.5 6 10 336
150 0.5 6 11 585
150 0.5 6 12 1059
150 0.5 6 13 1726
150 0.5 6 14 2717
150 0.5 6 15 4140
150 0.5 6 16 5856
150 0.5 6 17 7949
150 0.5 6 18 10604
150 0.5 6 19 13329
150 0.5 6 20 16754
150 0.5 6 21 20077
150 0.5 6 22 23528
150 0.5 6 23 27264
150 0.5 6 24 29462
150 0.5 6 25 31026
150 0.5 6 26 33142
150 0.5 6 27 33107
150 0.5 6 28 32960
150 0.5 6 29 31390
150 0.5 6 30 28409
150 0.5 6 31 25542
150 0.5 6 32 22951
150 0.5 6 33 19998
150 0.5 6 34 15933
150 0.5 6 35 13146
150 0.5 6 36 10084
150 0.5 6 37 7360
150 0.5 6 38 5232
150 0.5 6 39 3941
150 0.5 6 40 2821
150 0.5 6 41 1800
150 0.5 6 42 1292
150 0.5 6 43 759
150 0.5 6 44 556
150 0.5 6 45 323
150 0.5 6 46 105
150 0.5 6 47 133
150 0.5 6 48 68
150 0.5 6 49 25
150 0.5 6 50 26
150 0.5 6 55 6
150 1 0 1 55568
150 1 0 2 78006
150 1 0 3 75308
150 1 0 4 55270
150 1 0 5 31692
150 1 0 6 16219
150 1 0 7 6512
150 1 0 8 2133
150 1 0 9 890
150 1 0 10 187
150 1 0 11 72
150 1 0 12 26
150 1 2 1 12062
150 1 2 2 22893
150 1 2 3 30064
150 1 2 4 32700
150 1 2 5 33814
150 1 2 6 34885
150 1 2 7 38624
150 1 2 8 42522
150 1 2 9 45218
150 1 2 10 43956
150 1 2 11 38730
150 1 2 12 33067
150 1 2 13 25016
150 1 2 14 18508
150 1 2 15 12118
150 1 2 16 7912
150 1 2 17 4831
150 1 2 18 2574
150 1 2 19 1159
150 1 2 20 727
150 1 2 21 364
150 1 2 22 162
150 1 2 23 48
150 1 2 24 26
150 1 2 25 8
150 1 4 1 187
150 1 4 2 399
150 1 4 3 727
150 1 4 4 1376
150 1 4 5 2472
150 1 4 6 4139
150 1 4 7 6826
150 1 4 8 10240
150 1 4 9 14197
150 1 4 10 18511
150 1 4 11 22306
150 1 4 12 26091
150 1 4 13 29432
150 1 4 14 32720
150 1 4 15 35266
150 1 4 16 36686
150 1 4 17 36665
150 1 4 18 36420
150 1 4 19 34005
150 1 4 20 30098
150 1 4 21 25958
150 1 4 22 21762
150 1 4 23 17702
150 1 4 24 13340
150 1 4 25 10178
150 1 4 26 7377
150 1 4 27 4655
150 1 4 28 2979
150 1 4 29 2075
150 1 4 30 1298
150 1 4 31 763
150 1 4 32 339
150 1 4 33 247
150 1 4 34 140
150 1 4 35 99
150 1 4 36 53
150 1 4 37 7
150 1 4 38 16
150 1 4 39 6
150 1 4 41 9
150 1 6 1 2
150 1 6 2 5
150 1 6 3 2
150 1 6 4 8
150 1 6 5 37
150 1 6 6 73
150 1 6 7 138
150 1 6 8 276
150 1 6 9 498
150 1 6 10 904
150 1 6 11 1505
150 1 6 12 2550
150 1 6 13 3822
150 1 6 14 5722
150 1 6 15 7927
150 1 6 16 10555
150 1 6 17 13430
150 1 6 18 16900
150 1 6 19 20373
150 1 6 20 23419
150 1 6 21 26137
150 1 6 22 28577
150 1 6 23 31106
150 1 6 24 32492
150 1 6 25 33027
150 1 6 26 32088
150 1 6 27 30517
150 1 6 28 29124
150 1 6 29 25875
150 1 6 30 23047
150 1 6 31 19764
150 1 6 32 16515
150 1 6 33 13071
150 1 6 34 10536
150 1 6 35 8254
150 1 6 36 6047
150 1 6 37 4294
150 1 6 38 3100
150 1 6 39 2103
150 1 6 40 1295
150 1 6 41 910
150 1 6 42 674
150 1 6 43 424
150 1 6 44 280
150 1 6 45 167
150 1 6 46 100
150 1 6 47 85
150 1 6 48 21
150 1 6 49 13
150 1 6 50 15
150 1 6 51 21
150 1 6 52 2
150 1 6 53 6
150 2 0 1 65766
150 2 0 2 64005
150 2 0 3 42552
150 2 0 4 22095
150 2 0 5 8526
150 2 0 6 2835
150 2 0 7 632
150 2 0 8 261
150 2 0 9 50
150 2 0 10 11
150 2 2 1 33250
150 2 2 2 48050
150 2 2 3 53526
150 2 2 4 50504
150 2 2 5 46280
150 2 2 6 43351
150 2 2 7 40724
150 2 2 8 37288
150 2 2 9 32010
150 2 2 10 25368
150 2 2 11 19093
150 2 2 12 12557
150 2 2 13 7932
150 2 2 14 4742
150 2 2 15 2550
150 2 2 16 1276
150 2 2 17 628
150 2 2 18 229
150 2 2 19 119
150 2 2 20 44
150 2 2 21 36
150 2 4 1 1759
150 2 4 2 3130
150 2 4 3 4652
150 2 4 4 6548
150 2 4 5 9536
150 2 4 6 13613
150 2 4 7 18641
150 2 4 8 23509
150 2 4 9 28424
150 2 4 10 31918
150 2 4 11 34793
150 2 4 12 36248
150 2 4 13 36914
150 2 4 14 36211
150 2 4 15 34565
150 2 4 16 32293
150 2 4 17 29250
150 2 4 18 25110
150 2 4 19 21188
150 2 4 20 17113
150 2 4 21 12494
150 2 4 22 9688
150 2 4 23 6819
150 2 4 24 4706
150 2 4 25 3178
150 2 4 26 1953
150 2 4 27 1223
150 2 4 28 612
150 2 4 29 440
150 2 4 30 201
150 2 4 31 107
150 2 4 32 54
150 2 4 33 43
150 2 4 34 15
150 2 6 1 35
150 2 6 2 71
150 2 6 3 115
150 2 6 4 182
150 2 6 5 394
150 2 6 6 643
150 2 6 7 1166
150 2 6 8 1630
150 2 6 9 2617
150 2 6 10 3786
150 2 6 11 5486
150 2 6 12 7761
150 2 6 13 10379
150 2 6 14 13667
150 2 6 15 16646
150 2 6 16 19952
150 2 6 17 24011
150 2 6 18 27456
150 2 6 19 29573
150 2 6 20 31702
150 2 6 21 32079
150 2 6 22 32558
150 2 6 23 31467
150 2 6 24 30795
150 2 6 25 28387
150 2 6 26 25597
150 2 6 27 22802
150 2 6 28 19674
150 2 6 29 16257
150 2 6 30 12920
150 2 6 31 10453
150 2 6 32 8007
150 2 6 33 6004
150 2 6 34 4409
150 2 6 35 3074
150 2 6 36 2242
150 2 6 37 1481
150 2 6 38 983
150 2 6 39 551
150 2 6 40 340
150 2 6 41 198
150 2 6 42 153
150 2 6 43 72
150 2 6 44 22
150 2 6 45 2
150 2 6 46 14
150 2 6 47 11
150 4 0 1 43456
150 4 0 2 19560
150 4 0 3 6228
150 4 0 4 1385
150 4 0 5 294
150 4 0 6 56
150 4 2 1 83959
150 4 2 2 72870
150 4 2 3 56622
150 4 2 4 43383
150 4 2 5 31743
150 4 2 6 23347
150 4 2 7 16014
150 4 2 8 10130
150 4 2 9 5881
150 4 2 10 3302
150 4 2 11 1693
150 4 2 12 620
150 4 2 13 281
150 4 2 14 97
150 4 2 15 45
150 4 2 16 2
150 4 2 17 4
150 4 2 19 2
150 4 4 1 18504
150 4 4 2 23587
150 4 4 3 27026
150 4 4 4 30576
150 4 4 5 34025
150 4 4 6 37145
150 4 4 7 38898
150 4 4 8 38613
150 4 4 9 37035
150 4 4 10 35087
150 4 4 11 31514
150 4 4 12 27847
150 4 4 13 22775
150 4 4 14 18868
150 4 4 15 14746
150 4 4 16 11563
150 4 4 17 8518
150 4 4 18 6050
150 4 4 19 4030
150 4 4 20 2472
150 4 4 21 1593
150 4 4 22 1030
150 4 4 23 531
150 4 4 24 273
150 4 4 25 138
150 4 4 26 80
150 4 4 27 37
150 4 4 28 21
150 4 4 29 4
150 4 6 1 1249
150 4 6 2 1919
150 4 6 3 2754
150 4 6 4 4127
150 4 6 5 5757
150 4 6 6 7621
150 4 6 7 9733
150 4 6 8 12520
150 4 6 9 15324
150 4 6 10 18292
150 4 6 11 21333
150 4 6 12 24564
150 4 6 13 26803
150 4 6 14 29584
150 4 6 15 31031
150 4 6 16 31670
150 4 6 17 31829
150 4 6 18 31168
150 4 6 19 29031
150 4 6 20 26760
150 4 6 21 23987
150 4 6 22 21288
150 4 6 23 18347
150 4 6 24 14635
150 4 6 25 11709
150 4 6 26 9693
150 4 6 27 7207
150 4 6 28 5384
150 4 6 29 3981
150 4 6 30 2743
150 4 6 31 1780
150 4 6 32 1280
150 4 6 33 804
150 4 6 34 497
150 4 6 35 335
150 4 6 36 204
150 4 6 37 111
150 4 6 38 51
150 4 6 39 34
150 4 6 40 9
150 4 6 41 7
200 0 0 1 13798
200 0 0 2 38550
200 0 0 3 71692
200 0 0 4 101310
200 0 0 5 111750
200 0 0 6 101290
200 0 0 7 81296
200 0 0 8 55377
200 0 0 9 35520
200 0 0 10 19811
200 0 0 11 9912
200 0 0 12 4589
200 0 0 13 1666
200 0 0 14 870
200 0 0 15 352
200 0 0 16 102
200 0 0 17 36
200 0 0 19 20
200 0 2 2 6
200 0 2 3 28
200 0 2 4 104
200 0 2 5 412
200 0 2 6 1021
200 0 2 7 2658
200 0 2 8 5294
200 0 2 9 10327
200 0 2 10 16974
200 0 2 11 25662
200 0 2 12 36032
200 0 2 13 46856
200 0 2 14 54995
200 0 2 15 61380
200 0 2 16 63608
200 0 2 17 62912
200 0 2 18 57949
200 0 2 19 50859
200 0 2 20 41622
200 0 2 21 33384
200 0 2 22 24755
200 0 2 23 18827
200 0 2 24 12968
200 0 2 25 8792
200 0 2 26 5214
200 0 2 27 3351
200 0 2 28 1933
200 0 2 29 1093
200 0 2 30 723
200 0 2 31 307
200 0 2 32 194
200 0 2 33 103
200 0 2 34 50
200 0 2 35 51
200 0 4 7 2
200 0 4 8 8
200 0 4 9 11
200 0 4 10 27
200 0 4 11 146
200 0 4 12 207
200 0 4 13 485
200 0 4 14 1017
200 0 4 15 2009
200 0 4 16 3277
200 0 4 17 5314
200 0 4 18 8304
200 0 4 19 12431
200 0 4 20 17493
200 0 4 21 22991
200 0 4 22 28882
200 0 4 23 34800
200 0 4 24 40121
200 0 4 25 45365
200 0 4 26 47501
200 0 4 27 49231
200 0 4 28 49166
200 0 4 29 47061
200 0 4 30 43393
200 0 4 31 38709
200 0 4 32 33630
200 0 4 33 28236
200 0 4 34 23472
200 0 4 35 18534
200 0 4 36 13864
200 0 4 37 10449
200 0 4 38 7994
200 0 4 39 5419
200 0 4 40 3684
200 0 4 41 2837
200 0 4 42 1723
200 0 4 43 1138
200 0 4 44 604
200 0 4 45 435
200 0 4 46 239
200 0 4 47 116
200 0 4 48 53
200 0 4 49 27
200 0 4 50 39
200 0 6 15 2
200 0 6 16 6
200 0 6 17 16
200 0 6 18 53
200 0 6 19 117
200 0 6 20 264
200 0 6 21 405
200 0 6 22 618
200 0 6 23 1187
200 0 6 24 2096
200 0 6 25 2895
200 0 6 26 4286
200 0 6 27 6449
200 0 6 28 8738
200 0 6 29 11938
200 0 6 30 15189
200 0 6 31 19616
200 0 6 32 23777
200 0 6 33 27567
200 0 6 34 32475
200 0 6 35 36609
200 0 6 36 38593
200 0 6 37 40960
200 0 6 38 42317
200 0 6 39 41703
200 0 6 40 40711
200 0 6 41 37479
200 0 6 42 35945
200 0 6 43 32344
200 0 6 44 28313
200 0 6 45 24603
200 0 6 46 20637
200 0 6 47 16895
200 0 6 48 13670
200 0 6 49 10801
200 0 6 50 8626
200 0 6 51 6535
200 0 6 52 5034
200 0 6 53 3207
200 0 6 54 2500
200 0 6 55 1849
200 0 6 56 1211
200 0 6 57 897
200 0 6 58 483
200 0 6 59 387
200 0 6 60 149
200 0 6 61 171
200 0 6 62 75
200 0 6 63 31
200 0 6 65 15
200 0.1 0 1 15820
200 0.1 0 2 42279
200 0.1 0 3 75124
200 0.1 0 4 100910
200 0.1 0 5 109452
200 0.1 0 6 97657
200 0.1 0 7 75432
200 0.1 0 8 50022
200 0.1 0 9 29110
200 0.1 0 10 15444
200 0.1 0 11 7764
200 0.1 0 12 3614
200 0.1 0 13 1344
200 0.1 0 14 525
200 0.1 0 15 224
200 0.1 0 16 34
200 0.1 0 17 18
200 0.1 2 1 449
200 0.1 2 2 1198
200 0.1 2 3 2327
200 0.1 2 4 3313
200 0.1 2 5 4118
200 0.1 2 6 4820
200 0.1 2 7 5986
200 0.1 2 8 8556
200 0.1 2 9 12889
200 0.1 2 10 19770
200 0.1 2 11 29273
200 0.1 2 12 38846
200 0.1 2 13 48732
200 0.1 2 14 56163
200 0.1 2 15 60286
200 0.1 2 16 61929
200 0.1 2 17 59616
200 0.1 2 18 54890
200 0.1 2 19 45198
200 0.1 2 20 37656
200 0.1 2 21 29502
200 0.1 2 22 21830
200 0.1 2 23 15686
200 0.1 2 24 10544
200 0.1 2 25 6390
200 0.1 2 26 4438
200 0.1 2 27 2730
200 0.1 2 28 1486
200 0.1 2 29 806
200 0.1 2 30 482
200 0.1 2 31 251
200 0.1 2 32 114
200 0.1 2 33 47
200 0.1 2 34 26
200 0.1 2 35 16
200 0.1 4 2 2
200 0.1 4 3 1
200 0.1 4 5 8
200 0.1 4 6 33
200 0.1 4 7 88
200 0.1 4 8 169
200 0.1 4 9 345
200 0.1 4 10 539
200 0.1 4 11 884
200 0.1 4 12 1386
200 0.1 4 13 2028
200 0.1 4 14 2998
200 0.1 4 15 4103
200 0.1 4 16 5531
200 0.1 4 17 8245
200 0.1 4 18 10899
200 0.1 4 19 14876
200 0.1 4 20 20090
200 0.1 4 21 25377
200 0.1 4 22 30346
200 0.1 4 23 36855
200 0.1 4 24 41516
200 0.1 4 25 44994
200 0.1 4 26 46872
200 0.1 4 27 47698
200 0.1 4 28 46955
200 0.1 4 29 45076
200 0.1 4 30 41743
200 0.1 4 31 36684
200 0.1 4 32 30486
200 0.1 4 33 25206
200 0.1 4 34 19952
200 0.1 4 35 16206
200 0.1 4 36 12162
200 0.1 4 37 9321
200 0.1 4 38 6887
200 0.1 4 39 4799
200 0.1 4 40 3183
200 0.1 4 41 2106
200 0.1 4 42 1441
200 0.1 4 43 823
200 0.1 4 44 624
200 0.1 4 45 481
200 0.1 4 46 172
200 0.1 4 47 178
200 0.1 4 48 58
200 0.1 4 49 8
200 0.1 4 51 10
200 0.1 6 10 1
200 0.1 6 11 1
200 0.1 6 12 6
200 0.1 6 13 17
200 0.1 6 14 30
200 0.1 6 15 54
200 0.1 6 16 99
200 0.1 6 17 186
200 0.1 6 18 276
200 0.1 6 19 450
200 0.1 6 20 785
200 0.1 6 21 1103
200 0.1 6 22 1554
200 0.1 6 23 2354
200 0.1 6 24 3342
200 0.1 6 25 4678
200 0.1 6 26 6084
200 0.1 6 27 8001
200 0.1 6 28 11128
200 0.1 6 29 14674
200 0.1 6 30 18030
200 0.1 6 31 21176
200 0.1 6 32 25567
200 0.1 6 33 29310
200 0.1 6 34 32995
200 0.1 6 35 36449
200 0.1 6 36 38551
200 0.1 6 37 40824
200 0.1 6 38 41130
200 0.1 6 39 40706
200 0.1 6 40 39341
200 0.1 6 41 36564
200 0.1 6 42 33288
200 0.1 6 43 29513
200 0.1 6 44 26159
200 0.1 6 45 22794
200 0.1 6 46 18154
200 0.1 6 47 14855
200 0.1 6 48 12180
200 0.1 6 49 10192
200 0.1 6 50 7550
200 0.1 6 51 6087
200 0.1 6 52 4531
200 0.1 6 53 2940
200 0.1 6 54 2155
200 0.1 6 55 1629
200 0.1 6 56 1022
200 0.1 6 57 623
200 0.1 6 58 527
200 0.1 6 59 245
200 0.1 6 60 198
200 0.1 6 61 87
200 0.1 6 62 136
200 0.1 6 63 43
200 0.1 6 64 23
200 0.1 6 65 35
200 0.1 6 67 12
200 0.5 0 1 25468
200 0.5 0 2 56568
200 0.5 0 3 86708
200 0.5 0 4 100065
200 0.5 0 5 94272
200 0.5 0 6 72758
200 0.5 0 7 48232
200 0.5 0 8 28170
200 0.5 0 9 14570
200 0.5 0 10 6897
200 0.5 0 11 2820
200 0.5 0 12 1144
200 0.5 0 13 448
200 0.5 0 14 105
200 0.5 0 15 32
200 0.5 0 18 19
200 0.5 2 1 2459
200 0.5 2 2 6593
200 0.5 2 3 11871
200 0.5 2 4 16158
200 0.5 2 5 18131
200 0.5 2 6 18252
200 0.5 2 7 19032
200 0.5 2 8 19768
200 0.5 2 9 24411
200 0.5 2 10 30260
200 0.5 2 11 39365
200 0.5 2 12 47598
200 0.5 2 13 53692
200 0.5 2 14 55813
200 0.5 2 15 55202
200 0.5 2 16 52350
200 0.5 2 17 44469
200 0.5 2 18 38331
200 0.5 2 19 29344
200 0.5 2 20 22068
200 0.5 2 21 15822
200 0.5 2 22 10703
200 0.5 2 23 7241
200 0.5 2 24 4457
200 0.5 2 25 2823
200 0.5 2 26 1580
200 0.5 2 27 860
200 0.5 2 28 368
200 0.5 2 29 206
200 0.5 2 30 109
200 0.5 2 31 71
200 0.5 2 32 49
200 0.5 2 33 23
200 0.5 2 35 10
200 0.5 4 1 9
200 0.5 4 2 24
200 0.5 4 3 55
200 0.5 4 4 87
200 0.5 4 5 146
200 0.5 4 6 276
200 0.5 4 7 517
200 0.5 4 8 1015
200 0.5 4 9 1783
200 0.5 4 10 2953
200 0.5 4 11 4272
200 0.5 4 12 6195
200 0.5 4 13 8229
200 0.5 4 14 10326
200 0.5 4 15 12651
200 0.5 4 16 15242
200 0.5 4 17 17721
200 0.5 4 18 21555
200 0.5 4 19 24397
200 0.5 4 20 28917
200 0.5 4 21 33654
200 0.5 4 22 36839
200 0.5 4 23 41143
200 0.5 4 24 43007
200 0.5 4 25 43816
200 0.5 4 26 43321
200 0.5 4 27 42165
200 0.5 4 28 38642
200 0.5 4 29 34830
200 0.5 4 30 29879
200 0.5 4 31 25761
200 0.5 4 32 20418
200 0.5 4 33 16462
200 0.5 4 34 12817
200 0.5 4 35 9654
200 0.5 4 36 7279
200 0.5 4 37 5190
200 0.5 4 38 3363
200 0.5 4 39 2104
200 0.5 4 40 1509
200 0.5 4 41 820
200 0.5 4 42 576
200 0.5 4 43 370
200 0.5 4 44 219
200 0.5 4 45 102
200 0.5 4 46 54
200 0.5 4 47 71
200 0.5 4 48 6
200 0.5 6 7 1
200 0.5 6 8 5
200 0.5 6 9 8
200 0.5 6 10 16
200 0.5 6 11 33
200 0.5 6 12 73
200 0.5 6 13 119
200 0.5 6 14 193
200 0.5 6 15 331
200 0.5 6 16 591
200 0.5 6 17 958
200 0.5 6 18 1399
200 0.5 6 19 2044
200 0.5 6 20 2877
200 0.5 6 21 3997
200 0.5 6 22 5368
200 0.5 6 23 6710
200 0.5 6 24 8788
200 0.5 6 25 11122
200 0.5 6 26 13312
200 0.5 6 27 15742
200 0.5 6 28 18770
200 0.5 6 29 22186
200 0.5 6 30 25134
200 0.5 6 31 28094
200 0.5 6 32 31177
200 0.5 6 33 33954
200 0.5 6 34 36342
200 0.5 6 35 37633
200 0.5 6 36 37383
200 0.5 6 37 38285
200 0.5 6 38 36715
200 0.5 6 39 35186
200 0.5 6 40 31581
200 0.5 6 41 29540
200 0.5 6 42 25579
200 0.5 6 43 23139
200 0.5 6 44 19179
200 0.5 6 45 15012
200 0.5 6 46 12265
200 0.5 6 47 10582
200 0.5 6 48 7906
200 0.5 6 49 6048
200 0.5 6 50 4672
200 0.5 6 51 3209
200 0.5 6 52 2414
200 0.5 6 53 1525
200 0.5 6 54 1117
200 0.5 6 55 687
200 0.5 6 56 531
200 0.5 6 57 431
200 0.5 6 58 188
200 0.5 6 59 101
200 0.5 6 60 79
200 0.5 6 61 49
200 0.5 6 62 27
200 0.5 6 63 18
200 0.5 6 64 11
200 0.5 6 65 8
200 1 0 1 38754
200 1 0 2 71109
200 1 0 3 91540
200 1 0 4 87840
200 1 0 5 68064
200 1 0 6 44303
200 1 0 7 24064
200 1 0 8 12132
200 1 0 9 5030
200 1 0 10 2189
200 1 0 11 612
200 1 0 12 286
200 1 0 13 56
200 1 0 14 30
200 1 2 1 6128
200 1 2 2 14813
200 1 2 3 24717
200 1 2 4 31413
200 1 2 5 33648
200 1 2 6 32489
200 1 2 7 31549
200 1 2 8 31623
200 1 2 9 35390
200 1 2 10 41234
200 1 2 11 46777
200 1 2 12 50580
200 1 2 13 50109
200 1 2 14 47569
200 1 2 15 42180
200 1 2 16 36141
200 1 2 17 27804
200 1 2 18 20682
200 1 2 19 15288
200 1 2 20 10256
200 1 2 21 6207
200 1 2 22 3979
200 1 2 23 2386
200 1 2 24 1352
200 1 2 25 701
200 1 2 26 325
200 1 2 27 197
200 1 2 28 40
200 1 2 29 31
200 1 2 30 51
200 1 4 1 85
200 1 4 2 220
200 1 4 3 379
200 1 4 4 558
200 1 4 5 787
200 1 4 6 1043
200 1 4 7 1686
200 1 4 8 2845
200 1 4 9 4493
200 1 4 10 6728
200 1 4 11 9698
200 1 4 12 12677
200 1 4 13 16227
200 1 4 14 19681
200 1 4 15 22671
200 1 4 16 25441
200 1 4 17 28119
200 1 4 18 30962
200 1 4 19 33878
200 1 4 20 36435
200 1 4 21 39062
200 1 4 22 40926
200 1 4 23 40377
200 1 4 24 40217
200 1 4 25 39309
200 1 4 26 35691
200 1 4 27 31943
200 1 4 28 28153
200 1 4 29 23574
200 1 4 30 19379
200 1 4 31 15782
200 1 4 32 11834
200 1 4 33 9310
200 1 4 34 6732
200 1 4 35 4687
200 1 4 36 3277
200 1 4 37 2056
200 1 4 38 1304
200 1 4 39 780
200 1 4 40 624
200 1 4 41 304
200 1 4 42 182
200 1 4 43 152
200 1 4 44 99
200 1 4 45 11
200 1 4 46 32
200 1 6 1 1
200 1 6 2 1
200 1 6 3 1
200 1 6 4 3
200 1 6 5 3
200 1 6 6 8
200 1 6 7 24
200 1 6 8 31
200 1 6 9 48
200 1 6 10 88
200 1 6 11 157
200 1 6 12 277
200 1 6 13 411
200 1 6 14 659
200 1 6 15 958
200 1 6 16 1604
200 1 6 17 2300
200 1 6 18 3321
200 1 6 19 4576
200 1 6 20 6202
200 1 6 21 8222
200 1 6 22 10493
200 1 6 23 12892
200 1 6 24 15459
200 1 6 25 18125
200 1 6 26 20855
200 1 6 27 24163
200 1 6 28 26526
200 1 6 29 29431
200 1 6 30 31470
200 1 6 31 34177
200 1 6 32 35494
200 1 6 33 36977
200 1 6 34 37018
200 1 6 35 36029
200 1 6 36 33809
200 1 6 37 32627
200 1 6 38 29976
200 1 6 39 27342
200 1 6 40 24500
200 1 6 41 21038
200 1 6 42 17795
200 1 6 43 14787
200 1 6 44 12162
200 1 6 45 9530
200 1 6 46 7608
200 1 6 47 6143
200 1 6 48 4539
200 1 6 49 3247
200 1 6 50 2189
200 1 6 51 1665
200 1 6 52 1130
200 1 6 53 857
200 1 6 54 545
200 1 6 55 332
200 1 6 56 252
200 1 6 57 153
200 1 6 58 111
200 1 6 59 37
200 1 6 60 35
200 1 6 61 17
200 1 6 63 10
200 1 6 66 4
200 2 0 1 61642
200 2 0 2 77889
200 2 0 3 69064
200 2 0 4 45335
200 2 0 5 24924
200 2 0 6 11326
200 2 0 7 4088
200 2 0 8 1296
200 2 0 9 490
200 2 0 10 88
200 2 0 11 48
200 2 2 1 23830
200 2 2 2 40743
200 2 2 3 53408
200 2 2 4 57063
200 2 2 5 53463
200 2 2 6 48563
200 2 2 7 44852
200 2 2 8 42767
200 2 2 9 42662
200 2 2 10 42520
200 2 2 11 40860
200 2 2 12 35191
200 2 2 13 29547
200 2 2 14 22460
200 2 2 15 16439
200 2 2 16 11250
200 2 2 17 7094
200 2 2 18 4198
200 2 2 19 2383
200 2 2 20 1350
200 2 2 21 801
200 2 2 22 398
200 2 2 23 192
200 2 2 24 59
200 2 2 25 44
200 2 2 26 32
200 2 2 27 9
200 2 2 31 8
200 2 4 1 1047
200 2 4 2 2167
200 2 4 3 3168
200 2 4 4 4176
200 2 4 5 5123
200 2 4 6 6435
200 2 4 7 8584
200 2 4 8 11494
200 2 4 9 15296
200 2 4 10 20236
200 2 4 11 24227
200 2 4 12 28278
200 2 4 13 31818
200 2 4 14 34742
200 2 4 15 36428
200 2 4 16 37890
200 2 4 17 38538
200 2 4 18 39119
200 2 4 19 38087
200 2 4 20 37151
200 2 4 21 36255
200 2 4 22 33385
200 2 4 23 30105
200 2 4 24 26365
200 2 4 25 23382
200 2 4 26 19231
200 2 4 27 15370
200 2 4 28 11989
200 2 4 29 8896
200 2 4 30 6957
200 2 4 31 4687
200 2 4 32 3193
200 2 4 33 2012
200 2 4 34 1571
200 2 4 35 939
200 2 4 36 572
200 2 4 37 341
200 2 4 38 215
200 2 4 39 108
200 2 4 40 57
200 2 4 41 61
200 2 4 42 15
200 2 4 43 11
200 2 4 44 19
200 2 4 45 5
200 2 4 47 8
200 2 6 1 13
200 2 6 2 30
200 2 6 3 54
200 2 6 4 83
200 2 6 5 124
200 2 6 6 180
200 2 6 7 290
200 2 6 8 453
200 2 6 9 726
200 2 6 10 999
200 2 6 11 1452
200 2 6 12 1790
200 2 6 13 2556
200 2 6 14 3512
200 2 6 15 4609
200 2 6 16 6261
200 2 6 17 7928
200 2 6 18 10382
200 2 6 19 12611
200 2 6 20 15761
200 2 6 21 18890
200 2 6 22 21942
200 2 6 23 24367
200 2 6 24 27657
200 2 6 25 30299
200 2 6 26 32526
200 2 6 27 33974
200 2 6 28 34876
200 2 6 29 35676
200 2 6 30 35554
200 2 6 31 34536
200 2 6 32 33182
200 2 6 33 31338
200 2 6 34 29571
200 2 6 35 26999
200 2 6 36 24136
200 2 6 37 21215
200 2 6 38 17810
200 2 6 39 14667
200 2 6 40 11925
200 2 6 41 9918
200 2 6 42 7647
200 2 6 43 6123
200 2 6 44 4551
200 2 6 45 3440
200 2 6 46 2371
200 2 6 47 1738
200 2 6 48 1275
200 2 6 49 856
200 2 6 50 491
200 2 6 51 415
200 2 6 52 219
200 2 6 53 172
200 2 6 54 81
200 2 6 55 84
200 2 6 56 46
200 2 6 57 20
200 2 6 58 18
200 2 6 59 10
200 2 6 60 4
200 2 6 61 6
200 4 0 1 57022
200 4 0 2 34152
200 4 0 3 14828
200 4 0 4 4600
200 4 0 5 1056
200 4 0 6 252
200 4 0 7 24
200 4 0 8 9
200 4 2 1 85543
200 4 2 2 85477
200 4 2 3 74023
200 4 2 4 59961
200 4 2 5 47699
200 4 2 6 38189
200 4 2 7 31129
200 4 2 8 24240
200 4 2 9 18156
200 4 2 10 12902
200 4 2 11 8235
200 4 2 12 5000
200 4 2 13 2913
200 4 2 14 1489
200 4 2 15 678
200 4 2 16 316
200 4 2 17 205
200 4 2 18 73
200 4 2 19 15
200 4 2 20 1
200 4 4 1 15739
200 4 4 2 20118
200 4 4 3 23392
200 4 4 4 25620
200 4 4 5 28360
200 4 4 6 31475
200 4 4 7 35308
200 4 4 8 37191
200 4 4 9 39679
200 4 4 10 40477
200 4 4 11 40101
200 4 4 12 39189
200 4 4 13 37351
200 4 4 14 35046
200 4 4 15 32632
200 4 4 16 29051
200 4 4 17 25635
200 4 4 18 21942
200 4 4 19 18784
200 4 4 20 15228
200 4 4 21 12052
200 4 4 22 9358
200 4 4 23 6899
200 4 4 24 5071
200 4 4 25 3518
200 4 4 26 2406
200 4 4 27 1592
200 4 4 28 1028
200 4 4 29 661
200 4 4 30 373
200 4 4 31 178
200 4 4 32 99
200 4 4 33 58
200 4 4 34 49
200 4 4 35 20
200 4 4 36 4
200 4 4 37 5
200 4 4 39 2
200 4 6 1 868
200 4 6 2 1278
200 4 6 3 1852
200 4 6 4 2390
200 4 6 5 3135
200 4 6 6 4155
200 4 6 7 5292
200 4 6 8 6904
200 4 6 9 8340
200 4 6 10 10225
200 4 6 11 12201
200 4 6 12 14251
200 4 6 13 16240
200 4 6 14 18584
200 4 6 15 21537
200 4 6 16 23885
200 4 6 17 26153
200 4 6 18 28335
200 4 6 19 30741
200 4 6 20 32458
200 4 6 21 33220
200 4 6 22 33854
200 4 6 23 34175
200 4 6 24 33525
200 4 6 25 32010
200 4 6 26 30267
200 4 6 27 28390
200 4 6 28 25737
200 4 6 29 23017
200 4 6 30 20541
200 4 6 31 17616
200 4 6 32 15087
200 4 6 33 12478
200 4 6 34 10112
200 4 6 35 7923
200 4 6 36 6060
200 4 6 37 4802
200 4 6 38 3668
200 4 6 39 2640
200 4 6 40 2004
200 4 6 41 1300
200 4 6 42 840
200 4 6 43 686
200 4 6 44 404
200 4 6 45 215
200 4 6 46 206
200 4 6 47 106
200 4 6 48 77
200 4 6 49 47
200 4 6 50 21
200 4 6 51 12
200 4 6 52 9
200 4 6 53 2
50 0 0 1 56310
50 0 0 2 38694
50 0 0 3 17932
50 0 0 4 6695
50 0 0 5 1812
50 0 0 6 364
50 0 0 7 72
50 0 0 8 27
50 0 2 1 10638
50 0 2 2 21853
50 0 2 3 30237
50 0 2 4 31517
50 0 2 5 26386
50 0 2 6 18415
50 0 2 7 11019
50 0 2 8 5854
50 0 2 9 2591
50 0 2 10 1071
50 0 2 11 335
50 0 2 12 110
50 0 2 13 42
50 0 2 14 30
50 0 4 1 1113
50 0 4 2 3867
50 0 4 3 8644
50 0 4 4 15050
50 0 4 5 20841
50 0 4 6 24434
50 0 4 7 24416
50 0 4 8 21087
50 0 4 9 16336
50 0 4 10 11388
50 0 4 11 7206
50 0 4 12 3964
50 0 4 13 2209
50 0 4 14 1129
50 0 4 15 463
50 0 4 16 175
50 0 4 17 77
50 0 4 18 30
50 0 4 19 9
50 0 4 20 7
50 0 6 1 109
50 0 6 2 519
50 0 6 3 1451
50 0 6 4 3654
50 0 6 5 6996
50 0 6 6 11289
50 0 6 7 15618
50 0 6 8 19253
50 0 6 9 21069
50 0 6 10 20386
50 0 6 11 18009
50 0 6 12 14512
50 0 6 13 10828
50 0 6 14 7526
50 0 6 15 4864
50 0 6 16 3103
50 0 6 17 1727
50 0 6 18 859
50 0 6 19 415
50 0 6 20 196
50 0 6 21 114
50 0 6 22 63
50 0 6 23 19
50 0 6 24 11
50 0 6 25 3
50 0 6 26 5
50 0.1 0 1 54980
50 0.1 0 2 36627
50 0.1 0 3 16864
50 0.1 0 4 5255
50 0.1 0 5 1542
50 0.1 0 6 385
50 0.1 0 7 64
50 0.1 2 1 12964
50 0.1 2 2 23223
50 0.1 2 3 31312
50 0.1 2 4 31047
50 0.1 2 5 24636
50 0.1 2 6 16864
50 0.1 2 7 9663
50 0.1 2 8 5194
50 0.1 2 9 2199
50 0.1 2 10 960
50 0.1 2 11 327
50 0.1 2 12 100
50 0.1 2 13 29
50 0.1 2 14 22
50 0.1 4 1 1444
50 0.1 4 2 4607
50 0.1 4 3 9709
50 0.1 4 4 16198
50 0.1 4 5 21973
50 0.1 4 6 24965
50 0.1 4 7 24095
50 0.1 4 8 20239
50 0.1 4 9 15077
50 0.1 4 10 10622
50 0.1 4 11 6258
50 0.1 4 12 3619
50 0.1 4 13 1954
50 0.1 4 14 882
50 0.1 4 15 410
50 0.1 4 16 178
50 0.1 4 17 90
50 0.1 4 18 43
50 0.1 4 19 4
50 0.1 6 1 124
50 0.1 6 2 603
50 0.1 6 3 1840
50 0.1 6 4 4067
50 0.1 6 5 7610
50 0.1 6 6 12146
50 0.1 6 7 16631
50 0.1 6 8 19867
50 0.1 6 9 21099
50 0.1 6 10 20031
50 0.1 6 11 17476
50 0.1 6 12 13859
50 0.1 6 13 10058
50 0.1 6 14 6977
50 0.1 6 15 4495
50 0.1 6 16 2637
50 0.1 6 17 1481
50 0.1 6 18 797
50 0.1 6 19 419
50 0.1 6 20 191
50 0.1 6 21 117
50 0.1 6 22 46
50 0.1 6 23 20
50 0.1 6 24 5
50 0.5 0 1 49134
50 0.5 0 2 28731
50 0.5 0 3 10968
50 0.5 0 4 3265
50 0.5 0 5 678
50 0.5 0 6 147
50 0.5 0 7 16
50 0.5 2 1 21348
50 0.5 2 2 28961
50 0.5 2 3 31438
50 0.5 2 4 27544
50 0.5 2 5 19798
50 0.5 2 6 12080
50 0.5 2 7 6374
50 0.5 2 8 3139
50 0.5 2 9 1289
50 0.5 2 10 349
50 0.5 2 11 175
50 0.5 2 12 56
50 0.5 2 13 9
50 0.5 2 14 5
50 0.5 2 15 7
50 0.5 2 16 7
50 0.5 4 1 2985
50 0.5 4 2 7751
50 0.5 4 3 14121
50 0.5 4 4 20081
50 0.5 4 5 23818
50 0.5 4 6 24678
50 0.5 4 7 21742
50 0.5 4 8 17481
50 0.5 4 9 12112
50 0.5 4 10 7940
50 0.5 4 11 4431
50 0.5 4 12 2479
50 0.5 4 13 1321
50 0.5 4 14 579
50 0.5 4 15 249
50 0.5 4 16 112
50 0.5 4 17 29
50 0.5 4 18 30
50 0.5 4 19 12
50 0.5 4 20 9
50 0.5 6 1 269
50 0.5 6 2 1058
50 0.5 6 3 2992
50 0.5 6 4 6092
50 0.5 6 5 10346
50 0.5 6 6 14868
50 0.5 6 7 18369
50 0.5 6 8 20780
50 0.5 6 9 20876
50 0.5 6 10 18695
50 0.5 6 11 15638
50 0.5 6 12 11847
50 0.5 6 13 7992
50 0.5 6 14 5294
50 0.5 6 15 3497
50 0.5 6 16 1917
50 0.5 6 17 900
50 0.5 6 18 553
50 0.5 6 19 362
50 0.5 6 20 113
50 0.5 6 21 79
50 0.5 6 22 29
50 0.5 6 23 8
50 0.5 6 24 3
50 1 0 1 42002
50 1 0 2 20442
50 1 0 3 6532
50 1 0 4 1505
50 1 0 5 336
50 1 0 6 35
50 1 2 1 30005
50 1 2 2 33355
50 1 2 3 30098
50 1 2 4 22530
50 1 2 5 14875
50 1 2 6 8108
50 1 2 7 3820
50 1 2 8 1635
50 1 2 9 453
50 1 2 10 194
50 1 2 11 37
50 1 2 12 21
50 1 4 1 5185
50 1 4 2 11356
50 1 4 3 18361
50 1 4 4 23580
50 1 4 5 25112
50 1 4 6 23515
50 1 4 7 19046
50 1 4 8 14320
50 1 4 9 9663
50 1 4 10 5595
50 1 4 11 2900
50 1 4 12 1576
50 1 4 13 685
50 1 4 14 226
50 1 4 15 98
50 1 4 16 60
50 1 4 17 21
50 1 4 19 3
50 1 6 1 529
50 1 6 2 1772
50 1 6 3 4342
50 1 6 4 8471
50 1 6 5 13310
50 1 6 6 17734
50 1 6 7 20244
50 1 6 8 20849
50 1 6 9 19550
50 1 6 10 17325
50 1 6 11 13462
50 1 6 12 9755
50 1 6 13 6508
50 1 6 14 3974
50 1 6 15 2320
50 1 6 16 1215
50 1 6 17 638
50 1 6 18 270
50 1 6 19 131
50 1 6 20 75
50 1 6 21 33
50 1 6 22 7
50 1 6 23 7
50 2 0 1 27090
50 2 0 2 8901
50 2 0 3 1888
50 2 0 4 365
50 2 0 5 60
50 2 0 6 7
50 2 2 1 42189
50 2 2 2 34119
50 2 2 3 23363
50 2 2 4 13629
50 2 2 5 6927
50 2 2 6 3012
50 2 2 7 1200
50 2 2 8 409
50 2 2 9 132
50 2 2 10 38
50 2 2 11 1
50 2 2 12 3
50 2 4 1 11528
50 2 4 2 19771
50 2 4 3 25004
50 2 4 4 27014
50 2 4 5 24189
50 2 4 6 18955
50 2 4 7 13465
50 2 4 8 8653
50 2 4 9 4786
50 2 4 10 2591
50 2 4 11 1294
50 2 4 12 567
50 2 4 13 299
50 2 4 14 97
50 2 4 15 31
50 2 4 16 7
50 2 4 17 10
50 2 6 1 1419
50 2 6 2 4138
50 2 6 3 8407
50 2 6 4 13555
50 2 6 5 18157
50 2 6 6 21249
50 2 6 7 21875
50 2 6 8 20093
50 2 6 9 16893
50 2 6 10 12942
50 2 6 11 9420
50 2 6 12 6064
50 2 6 13 3729
50 2 6 14 2102
50 2 6 15 1162
50 2 6 16 569
50 2 6 17 305
50 2 6 18 132
50 2 6 19 88
50 2 6 20 19
50 2 6 21 11
50 2 6 22 2
50 2 6 23 2
50 4 0 1 8646
50 4 0 2 1284
50 4 0 3 140
50 4 0 4 5
50 4 0 5 12
50 4 2 1 41795
50 4 2 2 20612
50 4 2 3 8762
50 4 2 4 3401
50 4 2 5 1182
50 4 2 6 322
50 4 2 7 87
50 4 2 8 10
50 4 2 9 10
50 4 4 1 29353
50 4 4 2 31308
50 4 4 3 27796
50 4 4 4 20975
50 4 4 5 13939
50 4 4 6 8605
50 4 4 7 4568
50 4 4 8 2330
50 4 4 9 1006
50 4 4 10 395
50 4 4 11 153
50 4 4 12 57
50 4 4 13 21
50 4 4 14 2
50 4 4 15 2
50 4 6 1 7054
50 4 6 2 12802
50 4 6 3 18503
50 4 6 4 22308
50 4 6 5 22976
50 4 6 6 21569
50 4 6 7 17982
50 4 6 8 13694
50 4 6 9 9490
50 4 6 10 6148
50 4 6 11 3558
50 4 6 12 2011
50 4 6 13 1028
50 4 6 14 428
50 4 6 15 207
50 4 6 16 84
50 4 6 17 35
50 4 6 18 17
50 4 6 19 3
